raph
                M1_w1          M1_w2          M1_w3          M1_w4          M1_w5          M1_w6
     M1_w1   1.678012e-16  -1.059174e-16  -6.303858e-18  -2.369015e-18  -1.254442e-18  -1.579940e-18
     M1_w2  -1.060388e-16   2.386430e-16  -1.020543e-16  -4.894223e-18  -1.654597e-18  -1.394715e-18
     M1_w3  -6.501921e-18  -1.020086e-16   2.388669e-16  -1.019753e-16  -4.862613e-18  -2.542102e-18
     M1_w4  -2.541894e-18  -4.862613e-18  -1.019763e-16   2.388670e-16  -1.020078e-16  -6.502110e-18
     M1_w5  -1.394460e-18  -1.654543e-18  -4.894228e-18  -1.020551e-16   2.386431e-16  -1.060381e-16
     M1_w6  -1.578276e-18  -1.249484e-18  -2.378251e-18  -6.301984e-18  -1.059171e-16   1.678006e-16


FasterCap uniformed
     g1_M1   1.40001e-16    -8.42927e-17    1.38289e-18   -3.40277e-18   -1.0703e-18    -1.40305e-18 
     g2_M1  -8.48191e-17     1.89368e-16   -8.59738e-17    2.27999e-18   -2.92133e-18   -1.65463e-18 
     g3_M1  -2.31611e-19    -8.55086e-17    1.89267e-16   -8.57426e-17    2.0641e-18    -4.17896e-18 
     g4_M1  -4.34185e-18     2.20331e-18   -8.54384e-17    1.89175e-16   -8.58916e-17   -2.00915e-19 
     g5_M1  -1.63286e-18    -2.97225e-18    2.19957e-18   -8.60854e-17    1.89238e-16   -8.5164e-17 
     g6_M1  -1.64255e-18    -1.46395e-18   -3.85224e-18    7.78443e-19   -8.48347e-17    1.38863e-16


FasterCap Averaged
     g1_M1   1.00788e-16    -9.35801e-17   -1.77821e-17   -7.46798e-18   -7.25851e-18   -6.38821e-18 
     g2_M1  -7.98285e-17     1.98494e-16   -5.04326e-17   -1.29814e-17   -1.02476e-17   -6.61439e-18 
     g3_M1  -1.10208e-17    -6.35317e-17    2.00719e-16   -1.64751e-17    1.55345e-17    1.18992e-17 
     g4_M1  -8.67226e-19    -2.23921e-17   -1.02049e-16    1.50555e-16   -6.14067e-17   -2.22478e-17 
     g5_M1   7.8534e-18     -8.14367e-18   -2.03359e-17   -9.65137e-17    1.25735e-16   -9.93013e-17 
     g6_M1  -7.9957e-18     -3.34944e-18   -4.32855e-18   -1.09265e-17   -5.60144e-17    1.31735e-16 
